MEMORY
  total            14.5 MB
  struct          159.1 KB
  buffer          395.4 KB
  arena            14.0 MB, used 0.2%

SIZES
  narena                14680064
  nbuffer               404928
  nplugin               0
  maxuse_stack          4384
  maxuse_arena          29968
  maxuse_con            0
  maxuse_efc            9
  ncon                  0
  ne                    7
  nf                    0
  nl                    2
  nefc                  9
  nJ                    126
  nA                    0
  nisland               1
  nidof                 14
  threadpool            0

TIMER
    0:  duration =  0.055      number = 1
    1:  duration =  0.053      number = 1
    2:  duration =  0          number = 0
    3:  duration =  0.045      number = 1
    4:  duration =  0.0023     number = 1
    5:  duration =  0.00042    number = 1
    6:  duration =  0.0051     number = 1
    7:  duration =  0.0012     number = 1
    8:  duration =  0.0069     number = 1
    9:  duration =  0.0019     number = 1
    10:  duration =  0.031      number = 1
    11:  duration =  0.0042     number = 1
    12:  duration =  4.3e-05    number = 1
    13:  duration =  0.0044     number = 1
    14:  duration =  0.015      number = 1

SOLVER STAT
  solver_fwdinv =   0         0       
  ISLAND 0
    solver_niter = 1
    solver_nnz = 196
      0:  improvement =  0           gradient =  1e-17       lineslope =  3.8e-29 
          nactive = 9   nchange = 0   neval = 2   nupdate = 0

ENERGY =   0         0       

TIME =  12      

QPOS
   1.8e-20 
   0.03    
   0.0092  
  -0.00019 
   0.00013 
   1.5e-06 
   0.0026  
   0.00015 
   0.0028  
  -0.0031  
   0.0026  
   0.00015 
   0.0029  
  -0.0031  

QVEL
  -1.2e-17 
   7.9e-16 
  -4e-16   
   9.2e-18 
  -3.1e-17 
   3e-20   
  -2.2e-14 
  -2.6e-14 
  -6.6e-15 
   6.4e-14 
  -2.3e-14 
  -2.7e-14 
   6.1e-14 
  -1.1e-13 

QACC_WARMSTART
  -1.6e-14 
  -6.1e-15 
   1.7e-14 
   4.3e-14 
  -1.9e-13 
  -2.9e-16 
  -9.1e-12 
  -1.4e-11 
   6.5e-11 
  -6.9e-11 
  -7.7e-12 
   6.2e-12 
   2.9e-11 
  -6.8e-11 

CTRL
   0       
   0       
   0       
   0       
   0       
   0       
   0       

QFRC_APPLIED
   0       
   0       
   0       
   0       
   0       
   0       
   0       
   0       
   0       
   0       
   0       
   0       
   0       
   0       

XFRC_APPLIED
   0         0         0         0         0         0       
   0         0         0         0         0         0       
   0         0         0         0         0         0       
   0         0         0         0         0         0       
   0         0         0         0         0         0       
   0         0         0         0         0         0       
   0         0         0         0         0         0       
   0         0         0         0         0         0       
   0         0         0         0         0         0       
   0         0         0         0         0         0       
   0         0         0         0         0         0       
   0         0         0         0         0         0       
   0         0         0         0         0         0       
   0         0         0         0         0         0       
   0         0         0         0         0         0       
   0         0         0         0         0         0       
   0         0         0         0         0         0       
   0         0         0         0         0         0       
   0         0         0         0         0         0       
   0         0         0         0         0         0       
   0         0         0         0         0         0       
   0         0         0         0         0         0       
   0         0         0         0         0         0       
   0         0         0         0         0         0       

EQ_ACTIVE             1 1 1

QACC
  -1.6e-14 
  -6.1e-15 
   1.7e-14 
   4.3e-14 
  -1.9e-13 
  -2.9e-16 
  -9.1e-12 
  -1.4e-11 
   6.5e-11 
  -6.9e-11 
  -7.7e-12 
   6.2e-12 
   2.9e-11 
  -6.8e-11 

XPOS
   0         0         0       
   0         0         0       
   0         0         0       
   0         0         0.16    
   5.9e-21  -0.14      0.16    
  -0.42     -0.007     0.15    
  -0.82     -0.007     0.13    
  -0.82     -0.13      0.13    
  -0.81     -0.13      0.035   
  -0.81     -0.23      0.035   
  -0.81     -0.24      0.035   
  -0.81     -0.24      0.035   
  -0.78     -0.3       0.036   
  -0.75     -0.3       0.037   
  -0.8      -0.31      0.035   
  -0.74     -0.34      0.037   
  -0.76     -0.36      0.037   
  -0.76     -0.36      0.037   
  -0.84     -0.3       0.033   
  -0.87     -0.3       0.032   
  -0.83     -0.31      0.034   
  -0.88     -0.34      0.032   
  -0.86     -0.36      0.033   
  -0.86     -0.36      0.033   

XQUAT
   1         0         0         0       
   1         0         0         0       
   0         0         0        -1       
   2.1e-20   0         0        -1       
   1.5e-20   0.72      1.5e-20  -0.7     
   1.5e-20   0.72      1.5e-20  -0.69    
  -4.2e-22   1         2.1e-20   0.02    
  -1.3e-06   1        -6.5e-05   0.02    
  -1.3e-06   1        -6.5e-05   0.02    
  -0.71     -0.71      0.014    -0.014   
  -0.71     -0.71      0.014    -0.014   
  -0.51     -0.51     -0.49      0.49    
  -0.51     -0.51     -0.49      0.49    
  -0.51     -0.51     -0.49      0.49    
  -0.51     -0.51     -0.49      0.49    
  -0.51     -0.51     -0.49      0.49    
  -0.51     -0.51     -0.49      0.49    
  -0.51     -0.51     -0.49      0.49    
  -0.49     -0.49      0.51     -0.51    
  -0.49     -0.49      0.51     -0.51    
  -0.49     -0.49      0.51     -0.51    
  -0.49     -0.49      0.51     -0.51    
  -0.49     -0.49      0.51     -0.51    
  -0.49     -0.49      0.51     -0.51    

XMAT
   1         0         0         0         1         0         0         0         1       
   1         0         0         0         1         0         0         0         1       
  -1         0         0         0        -1        -0        -0         0         1       
  -1         4.3e-20   0        -4.3e-20  -1        -0        -0         0         1       
   0.03      4.3e-20  -1         1.3e-21  -1        -4.3e-20  -1         6e-36    -0.03    
   0.04      4.3e-20  -1         1.7e-21  -1        -4.3e-20  -1         3e-36    -0.04    
   1         4.3e-20   0.039     4.3e-20  -1         1.7e-21   0.039     2e-36    -1       
   1        -0.00013   0.039    -0.00013  -1         2.1e-21   0.039    -5.1e-06  -1       
   1        -0.00013   0.039    -0.00013  -1        -1.9e-10   0.039    -5.1e-06  -1       
   1        -0.039    -0.00013  -0.00013   1.9e-10  -1         0.039     1        -5.1e-06 
   1        -0.039    -0.00013  -0.00013   1.9e-10  -1         0.039     1        -5.1e-06 
   0.039     1        -0.00013  -1.9e-10  -0.00013  -1        -1         0.039    -5.1e-06 
   0.039     1        -0.0027   -1.9e-10  -0.0027   -1        -1         0.039    -0.00011 
   0.039     1        -0.0029   -1.9e-10  -0.0029   -1        -1         0.039    -0.00011 
   0.039     1        -0.003    -1.9e-10  -0.003    -1        -1         0.039    -0.00012 
   0.039     1         0.0001   -1.9e-10   0.0001   -1        -1         0.039     4e-06   
   0.039     1         0.0001   -1.9e-10   0.0001   -1        -1         0.039     4e-06   
   0.039     1         0.0001   -1.9e-10   0.0001   -1        -1         0.039     4e-06   
  -0.039    -1         0.0025    1.9e-10  -0.0025   -1         1        -0.039     9.7e-05 
  -0.039    -1         0.0026    1.9e-10  -0.0026   -1         1        -0.039     0.0001  
  -0.039    -1         0.0027    1.9e-10  -0.0027   -1         1        -0.039     0.00011 
  -0.039    -1        -0.00037   1.9e-10   0.00037  -1         1        -0.039    -1.4e-05 
  -0.039    -1        -0.00037   1.9e-10   0.00037  -1         1        -0.039    -1.4e-05 
  -0.039    -1        -0.00037   1.9e-10   0.00037  -1         1        -0.039    -1.4e-05 

XIPOS
   0         0         0       
   0         0         0       
   0         0         0       
   0         0         0.16    
  -0.21     -0.14      0.16    
  -0.62     -0.007     0.14    
  -0.82     -0.13      0.13    
  -0.81     -0.13      0.035   
  -0.81     -0.21      0.035   
  -0.82     -0.23      0.13    
  -0.81     -0.24      0.035   
  -0.81     -0.28      0.035   
  -0.76     -0.3       0.037   
  -0.75     -0.32      0.037   
  -0.78     -0.33      0.036   
  -0.76     -0.36      0.037   
  -0.77     -0.38      0.037   
  -0.77     -0.38      0.036   
  -0.86     -0.3       0.033   
  -0.88     -0.32      0.032   
  -0.84     -0.33      0.033   
  -0.87     -0.36      0.032   
  -0.86     -0.38      0.033   
  -0.86     -0.38      0.033   

XIMAT
   1         0         0         0         1         0         0         0         1       
   1         0         0         0         1         0         0         0         1       
  -1         0         0         0        -1        -0        -0         0         1       
  -1         4.3e-20   0        -4.3e-20  -1        -0        -0         0         1       
   0.03      4.3e-20  -1         1.3e-21  -1        -4.3e-20  -1         6e-36    -0.03    
   0.04      4.3e-20  -1         1.7e-21  -1        -4.3e-20  -1         3e-36    -0.04    
   1         4.3e-20   0.039     4.3e-20  -1         1.7e-21   0.039     2e-36    -1       
   1        -0.00013   0.039    -0.00013  -1         2.1e-21   0.039    -5.1e-06  -1       
  -0.00013  -1         0.039    -1         0.00013  -1.9e-10  -5.1e-06  -0.039    -1       
   1         0.00013  -0.039    -0.00013   1         1.9e-10   0.039     5.1e-06   1       
  -0.003     0.041     1        -1        -4.4e-06  -0.003    -0.00012  -1         0.041   
   0.039     1         0.0029   -1.9e-10   0.0029   -1        -1         0.039     0.00012 
   0.039    -0.074    -1        -1.9e-10  -1         0.074    -1        -0.0029   -0.039   
   0.99     -0.039     0.13      0.13      1.9e-10  -0.99      0.039     1         0.005   
   0.76     -0.039     0.65      0.65      1.9e-10  -0.76      0.03      1         0.025   
   0.039     0.95     -0.32     -1.9e-10  -0.32     -0.95     -1         0.037    -0.013   
   1        -0.039     0.0001    0.0001    1.9e-10  -1         0.039     1         4e-06   
   1        -0.039     0.0001    0.0001    1.9e-10  -1         0.039     1         4e-06   
  -0.039     0.074     1         1.9e-10  -1         0.074     1         0.0029    0.039   
  -0.99      0.039    -0.13      0.13     -1.9e-10  -0.99     -0.039    -1        -0.005   
  -0.76      0.039    -0.65      0.65     -1.9e-10  -0.76     -0.03     -1        -0.025   
  -0.039    -0.95      0.32      1.9e-10  -0.32     -0.95      1        -0.037     0.013   
  -1         0.039    -0.00037   0.00037  -1.9e-10  -1        -0.039    -1        -1.4e-05 
  -1         0.039    -0.00037   0.00037  -1.9e-10  -1        -0.039    -1        -1.4e-05 

XANCHOR
   0         0         0.16    
   5.9e-21  -0.14      0.16    
  -0.42     -0.007     0.15    
  -0.82     -0.007     0.13    
  -0.82     -0.13      0.13    
  -0.81     -0.13      0.035   
  -0.78     -0.3       0.036   
  -0.75     -0.3       0.037   
  -0.8      -0.31      0.035   
  -0.76     -0.35      0.037   
  -0.84     -0.3       0.033   
  -0.87     -0.3       0.032   
  -0.83     -0.31      0.034   
  -0.86     -0.35      0.033   

XAXIS
   0         0         1       
   4.3e-20  -1         0       
   4.3e-20  -1         6e-36   
   4.3e-20  -1         1.9e-36 
   0.039     1.7e-21  -1       
  -0.00013  -1        -5.1e-06 
   0.039    -1.9e-10  -1       
   0.039    -1.9e-10  -1       
   0.039    -1.9e-10  -1       
   0.039    -1.9e-10  -1       
  -0.039     1.9e-10   1       
  -0.039     1.9e-10   1       
  -0.039     1.9e-10   1       
  -0.039     1.9e-10   1       

GEOM_XPOS
  -6.7e-07   3.7e-07   0.094   
  -1.5e-07  -5e-07     0.031   
  -0.00016   0.0084    0.21    
  -1e-06    -0.069     0.16    
   5e-05    -0.00056   0.14    
   0         0         0.12    
  -0.21     -0.14      0.16    
  -0.3      -0.11      0.15    
  -0.21     -0.12      0.16    
  -0.21     -0.18      0.16    
   4.2e-21  -0.098     0.16    
  -0.2      -0.14      0.16    
  -0.82      0.033     0.13    
  -0.63     -0.0066    0.14    
  -0.68     -0.024     0.14    
  -0.59     -0.019     0.14    
  -0.42     -0.087     0.15    
  -0.62     -0.007     0.14    
  -0.81     -0.13      0.086   
  -0.82     -0.14      0.17    
  -0.82     -0.12      0.12    
  -0.82     -0.057     0.13    
  -0.81     -0.18      0.035   
  -0.81     -0.094     0.031   
  -0.81     -0.15      0.038   
  -0.81     -0.13      0.095   
  -0.81     -0.15      0.035   
  -0.81     -0.21      0.035   
  -0.81     -0.21      0.035   
  -0.81     -0.24      0.035   
  -0.81     -0.24      0.035   
  -0.81     -0.28      0.035   
  -0.81     -0.28      0.035   
  -0.76     -0.3       0.037   
  -0.76     -0.3       0.037   
  -0.75     -0.32      0.037   
  -0.75     -0.32      0.037   
  -0.78     -0.33      0.036   
  -0.78     -0.33      0.036   
  -0.76     -0.36      0.037   
  -0.76     -0.36      0.037   
  -0.77     -0.38      0.037   
  -0.77     -0.37      0.037   
  -0.77     -0.38      0.037   
  -0.77     -0.38      0.036   
  -0.86     -0.3       0.033   
  -0.86     -0.3       0.033   
  -0.88     -0.32      0.032   
  -0.88     -0.32      0.032   
  -0.84     -0.33      0.033   
  -0.84     -0.33      0.033   
  -0.87     -0.36      0.032   
  -0.87     -0.36      0.032   
  -0.86     -0.38      0.033   
  -0.86     -0.37      0.033   
  -0.86     -0.38      0.033   
  -0.86     -0.38      0.033   

GEOM_XMAT
   1.1e-05   1         0         0         0         1         1        -1.1e-05   0       
  -9.9e-06  -0.61     -0.79      1.9e-05   0.79     -0.61      1        -2.1e-05   3.6e-06 
  -0.0014    0.99      0.16      0.32     -0.16      0.93      0.95      0.055    -0.32    
   9.8e-06   0.99     -0.17     -1         1.2e-05   1.4e-05   1.6e-05   0.17      0.99    
   0.002    -0.053    -1        -0.74     -0.68      0.034    -0.68      0.74     -0.04    
  -1         4.3e-20   0        -4.3e-20  -1        -0        -0         0         1       
   0.028     0.011    -1         0.35     -0.94     -0.00031  -0.94     -0.35     -0.03    
   0.03     -0.18     -0.98      0.00048  -0.98      0.18     -1        -0.0058   -0.03    
  -0.0094   -0.03     -1        -1         0.0018    0.0094    0.0015    1        -0.03    
  -0.00035  -0.03     -1        -1         0.00048   0.00033   0.00047   1        -0.03    
   0.03     -1         0         0         0         1        -1        -0.03      0       
   0.03      4.3e-20  -1         1.3e-21  -1        -4.3e-20  -1         6e-36    -0.03    
   0.31     -0.18     -0.93     -0.95     -0.045    -0.3       0.012     0.98     -0.19    
   0.0088   -0.039    -1        -0.97     -0.24      0.00062  -0.24      0.97     -0.04    
   0.04      0.15     -0.99     -0.0049   -0.99     -0.15     -1         0.011    -0.039   
   0.02     -0.04     -1        -1         0.00077  -0.02      0.0016    1        -0.04    
   0.04     -1         0         0         0         1        -1        -0.04      0       
   0.04      4.3e-20  -1         1.7e-21  -1        -4.3e-20  -1         3e-36    -0.04    
   0.039     0.39      0.92      0.00018   0.92     -0.39     -1         0.016     0.036   
   0.038    -1         0.065     0.3       0.073     0.95     -0.95     -0.016     0.31    
   0.033    -1        -0.02      0.51     -0.00025   0.86     -0.86     -0.039     0.51    
   1         0.039     0         0         0         1         0.039    -1         0       
  -0.00013  -0.98      0.22     -1         0.00013  -2.3e-05  -5.1e-06  -0.22     -0.98    
  -0.012    -0.99      0.15     -0.95     -0.033    -0.3       0.3      -0.14     -0.94    
   0.028    -1        -0.027     0.69      0.00039   0.72     -0.72     -0.039     0.69    
   1        -0.00013   0.039    -0.00013  -1         2.1e-21   0.039    -5.1e-06  -1       
   1         0.039     0.00013  -0.00013  -1e-17     1         0.039    -1         5.1e-06 
   0.00016  -0.96      0.26     -1        -0.0014   -0.0047    0.0049   -0.26     -0.96    
   1         0.039     0.00013  -0.00013  -1.9e-10   1         0.039    -1         5.1e-06 
  -0.003     0.041     1        -1        -4.4e-06  -0.003    -0.00012  -1         0.041   
  -0.003     0.041     1        -1        -4.4e-06  -0.003    -0.00012  -1         0.041   
   0.039     1         0.0029   -1.9e-10   0.0029   -1        -1         0.039     0.00012 
   0.039     1         0.0029   -1.9e-10   0.0029   -1        -1         0.039     0.00012 
   0.039    -0.074    -1        -1.9e-10  -1         0.074    -1        -0.0029   -0.039   
   0.039    -0.074    -1        -1.9e-10  -1         0.074    -1        -0.0029   -0.039   
   0.99     -0.039     0.13      0.13      1.9e-10  -0.99      0.039     1         0.005   
   0.99     -0.039     0.13      0.13      1.9e-10  -0.99      0.039     1         0.005   
   0.76     -0.039     0.65      0.65      1.9e-10  -0.76      0.03      1         0.025   
   0.76     -0.039     0.65      0.65      1.9e-10  -0.76      0.03      1         0.025   
   0.039     0.94     -0.33     -1.9e-10  -0.33     -0.94     -1         0.037    -0.013   
   0.039     0.94     -0.33     -1.9e-10  -0.33     -0.94     -1         0.037    -0.013   
   0.039     1         0.0001   -1.9e-10   0.0001   -1        -1         0.039     4e-06   
   0.039     1         0.0001   -1.9e-10   0.0001   -1        -1         0.039     4e-06   
   1        -0.039     0.0001    0.0001    1.9e-10  -1         0.039     1         4e-06   
   1        -0.039     0.0001    0.0001    1.9e-10  -1         0.039     1         4e-06   
  -0.039     0.074     1         1.9e-10  -1         0.074     1         0.0029    0.039   
  -0.039     0.074     1         1.9e-10  -1         0.074     1         0.0029    0.039   
  -0.99      0.039    -0.13      0.13     -1.9e-10  -0.99     -0.039    -1        -0.005   
  -0.99      0.039    -0.13      0.13     -1.9e-10  -0.99     -0.039    -1        -0.005   
  -0.76      0.039    -0.65      0.65     -1.9e-10  -0.76     -0.03     -1        -0.025   
  -0.76      0.039    -0.65      0.65     -1.9e-10  -0.76     -0.03     -1        -0.025   
  -0.039    -0.94      0.33      1.9e-10  -0.33     -0.94      1        -0.037     0.013   
  -0.039    -0.94      0.33      1.9e-10  -0.33     -0.94      1        -0.037     0.013   
  -0.039    -1        -0.00037   1.9e-10   0.00037  -1         1        -0.039    -1.4e-05 
  -0.039    -1        -0.00037   1.9e-10   0.00037  -1         1        -0.039    -1.4e-05 
  -1         0.039    -0.00037   0.00037  -1.9e-10  -1        -0.039    -1        -1.4e-05 
  -1         0.039    -0.00037   0.00037  -1.9e-10  -1        -0.039    -1        -1.4e-05 

SITE_XPOS
  -0.81     -0.23      0.035   
  -0.81     -0.39      0.035   

SITE_XMAT
   1        -0.039    -0.00013  -0.00013   1.9e-10  -1         0.039     1        -5.1e-06 
   0.039     1        -0.00013  -1.9e-10  -0.00013  -1        -1         0.039    -5.1e-06 

LIGHT_XPOS
   0        -1         2       

LIGHT_XDIR
  -0.36      0.35     -0.87    

SUBTREE_COM
  -0.28     -0.083     0.11    
  -0.28     -0.083     0.11    
  -0.28     -0.083     0.11    
  -0.34     -0.1       0.14    
  -0.43     -0.13      0.13    
  -0.74     -0.11      0.096   
  -0.81     -0.18      0.068   
  -0.81     -0.2       0.035   
  -0.81     -0.27      0.035   
  -0.81     -0.28      0.035   
  -0.81     -0.28      0.035   
  -0.81     -0.29      0.035   
  -0.75     -0.31      0.037   
  -0.75     -0.32      0.037   
  -0.77     -0.34      0.036   
  -0.76     -0.36      0.037   
  -0.77     -0.38      0.036   
  -0.77     -0.38      0.036   
  -0.87     -0.31      0.032   
  -0.88     -0.32      0.032   
  -0.85     -0.34      0.033   
  -0.87     -0.36      0.033   
  -0.86     -0.38      0.033   
  -0.86     -0.38      0.033   

CDOF
   0         0         1         0.083    -0.28      0       
   4.3e-20  -1         0         0.05      2.2e-21  -0.28    
   4.3e-20  -1         6e-36     0.037     1.6e-21   0.14    
   4.3e-20  -1         1.9e-36   0.022     9.3e-22   0.54    
   0.039     1.7e-21  -1         0.051    -0.53      0.002   
  -0.00013  -1        -5.1e-06  -0.078     7.5e-06   0.53    
   0.039    -1.9e-10  -1         0.22     -0.5       0.0085  
   0.039    -1.9e-10  -1         0.21     -0.47      0.0084  
   0.039    -1.9e-10  -1         0.22     -0.52      0.0088  
   0.039    -1.9e-10  -1         0.27     -0.48      0.01    
  -0.039     1.9e-10   1        -0.22      0.57     -0.0085  
  -0.039     1.9e-10   1        -0.21      0.6      -0.0084  
  -0.039     1.9e-10   1        -0.22      0.55     -0.0088  
  -0.039     1.9e-10   1        -0.27      0.58     -0.01    

CINERT
   0         0         0         0         0         0         0         0         0         0       
   0         0         0         0         0         0         0         0        -0         0       
   0.083     0.37      0.35     -0.094     0.13      0.038     1.1       0.33     -0.45      4       
   0.045     0.31      0.32     -0.087    -0.052    -0.015     1         0.31      0.19      3.7     
   0.056     0.19      0.2       0.031    -0.029     0.02      0.57     -0.46      0.37      8.4     
   0.019     0.3       0.31      0.059     0.022    -0.0051   -0.77      0.17      0.067     2.3     
   0.0063    0.35      0.36     -0.033     0.014     0.0013   -0.65     -0.062     0.026     1.2     
   0.013     0.35      0.35     -0.033    -0.051    -0.0048   -0.65     -0.062    -0.095     1.2     
   0.0043    0.055     0.057    -0.013    -0.0079   -0.0019   -0.1      -0.024    -0.015     0.19    
   0         0         0         0         0         0        -0        -0         0         0       
   0.0047    0.044     0.046    -0.013    -0.0062   -0.0018   -0.08     -0.024    -0.012     0.15    
   0.035     0.22      0.25     -0.081    -0.032    -0.012    -0.41     -0.15     -0.061     0.78    
   0.00048   0.0022    0.0025   -0.00095  -0.00033  -0.00015  -0.0043   -0.002    -0.00069   0.009   
   0.00087   0.0032    0.0039   -0.0016   -0.0005   -0.00025  -0.0066   -0.0033   -0.0011    0.014   
   0.0015    0.0057    0.0069   -0.0027   -0.00085  -0.00042  -0.011    -0.0054   -0.0017    0.022   
   0.001     0.0029    0.0038   -0.0016   -0.00045  -0.00026  -0.0059   -0.0034   -0.00095   0.013   
   0.00032   0.00084   0.0011   -0.0005   -0.00013  -7.8e-05  -0.0017   -0.001    -0.00027   0.0035  
   0.00012   0.00032   0.00042  -0.00019  -4.9e-05  -2.9e-05  -0.00064  -0.00038  -0.0001    0.0013  
   0.00048   0.0031    0.0035   -0.0011   -0.00042  -0.00016  -0.0052   -0.002    -0.00072   0.009   
   0.00088   0.0051    0.0058   -0.002    -0.00068  -0.00027  -0.0084   -0.0033   -0.0011    0.014   
   0.0015    0.0072    0.0084   -0.003    -0.00099  -0.00043  -0.012    -0.0054   -0.0018    0.022   
   0.001     0.0044    0.0053   -0.002    -0.00059  -0.00027  -0.0074   -0.0034   -0.001     0.013   
   0.00032   0.0012    0.0015   -0.00059  -0.00016  -8.2e-05  -0.002    -0.001    -0.00028   0.0035  
   0.00012   0.00044   0.00054  -0.00022  -6e-05    -3e-05    -0.00075  -0.00038  -0.0001    0.0013  

TEN_LENGTH
   0.0026  

TEN_MOMENT
   0         0         0         0         0         0         0.5       0         0         0         0.5       0         0         0       

TENDON 0: 0 wrap points

ACTUATOR_LENGTH
   4.3e-20 
   0.03    
   0.0092  
  -0.00019 
   0.00013 
   1.5e-06 
   0.0026  

actuator_moment
----------------
 x              |
  x             |
   x            |
    x           |
     x          |
      x         |
       x   x    |
----------------

ACTUATOR_MOMENT
     0:  1       
     1:  1       
     2:  1       
     3:  1       
     4:  1       
     5:  1       
     6:  0.5       10:  0.5     

CRB
   0         0         0         0         0         0         0         0         0         0       
   0.28      2.2       2.3      -0.28     -0.02      0.015     1.8e-15   3.9e-16  -1.7e-16   22      
   0.28      2.2       2.3      -0.28     -0.02      0.015     1.8e-15   3.9e-16  -1.7e-16   22      
   0.19      1.9       1.9      -0.19     -0.15     -0.022    -1.1      -0.33      0.45      18      
   0.15      1.6       1.6      -0.099    -0.095    -0.0067   -2.2      -0.64      0.27      14      
   0.091     1.4       1.4      -0.13     -0.067    -0.027    -2.7      -0.18     -0.099     6       
   0.072     1.1       1.1      -0.19     -0.088    -0.022    -2        -0.36     -0.17      3.7     
   0.066     0.71      0.75     -0.16     -0.1      -0.023    -1.3      -0.29     -0.19      2.5     
   0.053     0.36      0.4      -0.12     -0.052    -0.018    -0.66     -0.23     -0.097     1.2     
   0.048     0.3       0.34     -0.11     -0.044    -0.016    -0.56     -0.21     -0.082     1.1     
   0.048     0.3       0.34     -0.11     -0.044    -0.016    -0.56     -0.21     -0.082     1.1     
   0.044     0.26      0.29     -0.098    -0.038    -0.014    -0.48     -0.18     -0.071     0.9     
   0.0013    0.0053    0.0064   -0.0025   -0.00083  -0.0004   -0.011    -0.0053   -0.0018    0.023   
   0.00087   0.0032    0.0039   -0.0016   -0.0005   -0.00025  -0.0066   -0.0033   -0.0011    0.014   
   0.0029    0.0098    0.012    -0.005    -0.0015   -0.00078  -0.019    -0.01     -0.003     0.039   
   0.0014    0.0041    0.0053   -0.0023   -0.00063  -0.00037  -0.0083   -0.0048   -0.0013    0.017   
   0.00044   0.0012    0.0015   -0.00068  -0.00018  -0.00011  -0.0023   -0.0014   -0.00037   0.0048  
   0.00012   0.00032   0.00042  -0.00019  -4.9e-05  -2.9e-05  -0.00064  -0.00038  -0.0001    0.0013  
   0.0014    0.0082    0.0093   -0.0031   -0.0011   -0.00043  -0.014    -0.0053   -0.0019    0.023   
   0.00088   0.0051    0.0058   -0.002    -0.00068  -0.00027  -0.0084   -0.0033   -0.0011    0.014   
   0.0029    0.013     0.016    -0.0059   -0.0018   -0.00082  -0.023    -0.01     -0.0032    0.039   
   0.0015    0.0061    0.0073   -0.0028   -0.00082  -0.00039  -0.01     -0.0048   -0.0014    0.017   
   0.00044   0.0016    0.002    -0.00081  -0.00022  -0.00011  -0.0028   -0.0014   -0.00038   0.0048  
   0.00012   0.00044   0.00054  -0.00022  -6e-05    -3e-05    -0.00075  -0.00038  -0.0001    0.0013  

QM
   4.3     
   0.076     4       
   0.06      1.5       0.81    
   0.05      0.03      0.03      0.13    
  -0.05     -0.016    -0.017    -0.017     0.13    
  -2.4e-06   0.00077   0.00074   0.00071   1.4e-06   0.1     
   0.00039  -2.7e-05  -2.8e-05  -2.8e-05   9.6e-05  -3e-17     0.005   
  -7.7e-05  -3.2e-05  -3.3e-05  -3.3e-05   6.7e-05   1.9e-20   1.1e-05   0.001   
   0.00034  -0.00014  -0.00014  -0.00014   0.00037   4.1e-12                       0.0011  
  -2.6e-05  -1.9e-05  -2e-05    -2e-05     5.3e-05  -6.4e-20                       1.9e-05   0.001   
   0.00066   2.7e-05   2.8e-05   2.8e-05  -9.6e-05   5e-20                                             0.005   
   0.00014   3.2e-05   3.3e-05   3.3e-05  -6.7e-05   2.4e-20                                           1.1e-05   0.001   
   0.0015    0.00014   0.00014   0.00014  -0.00037   4.1e-12                                                               0.0011  
   0.00013   1.9e-05   2e-05     2e-05    -5.3e-05   8.5e-21                                                               1.9e-05   0.001   

M
     0:  4.3     
     0:  0.076      1:  4       
     0:  0.06       1:  1.5        2:  0.81    
     0:  0.05       1:  0.03       2:  0.03       3:  0.13    
     0: -0.05       1: -0.016      2: -0.017      3: -0.017      4:  0.13    
     0: -2.4e-06    1:  0.00077    2:  0.00074    3:  0.00071    4:  1.4e-06    5:  0.1     
     0:  0.00039    1: -2.7e-05    2: -2.8e-05    3: -2.8e-05    4:  9.6e-05    5: -3e-17      6:  0.005   
     0: -7.7e-05    1: -3.2e-05    2: -3.3e-05    3: -3.3e-05    4:  6.7e-05    5:  1.9e-20    6:  1.1e-05    7:  0.001   
     0:  0.00034    1: -0.00014    2: -0.00014    3: -0.00014    4:  0.00037    5:  4.1e-12    8:  0.0011  
     0: -2.6e-05    1: -1.9e-05    2: -2e-05      3: -2e-05      4:  5.3e-05    5: -6.4e-20    8:  1.9e-05    9:  0.001   
     0:  0.00066    1:  2.7e-05    2:  2.8e-05    3:  2.8e-05    4: -9.6e-05    5:  5e-20     10:  0.005   
     0:  0.00014    1:  3.2e-05    2:  3.3e-05    3:  3.3e-05    4: -6.7e-05    5:  2.4e-20   10:  1.1e-05   11:  0.001   
     0:  0.0015     1:  0.00014    2:  0.00014    3:  0.00014    4: -0.00037    5:  4.1e-12   12:  0.0011  
     0:  0.00013    1:  1.9e-05    2:  2e-05      3:  2e-05      4: -5.3e-05    5:  8.5e-21   12:  1.9e-05   13:  0.001   

QLD
     0:  4.2     
     0: -0.018      1:  1.2     
     0:  0.055      1:  1.9        2:  0.81    
     0:  0.34       1:  0.21       2:  0.22       3:  0.13    
     0: -0.39       1: -0.13       2: -0.13       3: -0.13       4:  0.13    
     0: -2.3e-05    1:  0.0077     2:  0.0073     3:  0.007      4:  1.4e-05    5:  0.1     
     0:  0.078      1: -0.0053     2: -0.0055     3: -0.0055     4:  0.019      5: -5.9e-15    6:  0.005   
     0: -0.076      1: -0.031      2: -0.032      3: -0.032      4:  0.066      5:  1.8e-17    6:  0.011      7:  0.001   
     0:  0.3        1: -0.12       2: -0.13       3: -0.13       4:  0.33       5:  3.7e-09    8:  0.0011  
     0: -0.026      1: -0.019      2: -0.02       3: -0.02       4:  0.053      5: -6.3e-17    8:  0.018      9:  0.001   
     0:  0.13       1:  0.0053     2:  0.0055     3:  0.0055     4: -0.019      5:  9.9e-18   10:  0.005   
     0:  0.14       1:  0.031      2:  0.032      3:  0.032      4: -0.066      5:  2.3e-17   10:  0.011     11:  0.001   
     0:  1.3        1:  0.12       2:  0.13       3:  0.13       4: -0.33       5:  3.7e-09   12:  0.0011  
     0:  0.13       1:  0.019      2:  0.02       3:  0.02       4: -0.053      5:  8.4e-18   12:  0.018     13:  0.001   

QLDIAGINV
   0.24    
   0.85    
   1.2     
   7.8     
   7.9     
   9.9     
   2e+02   
   9.9e+02 
   9e+02   
   9.9e+02 
   2e+02   
   9.9e+02 
   9e+02   
   9.9e+02 

M: inertia structure
----------------
 x              |
 xx             |
 xxx            |
 xxxx           |
 xxxxx          |
 xxxxxx         |
 xxxxxxx        |
 xxxxxxxx       |
 xxxxxx  x      |
 xxxxxx  xx     |
 xxxxxx    x    |
 xxxxxx    xx   |
 xxxxxx      x  |
 xxxxxx      xx |
----------------

iM: block-diagonal inertia (nnzs are island ids)
----------------
 0              |
 00             |
 000            |
 0000           |
 00000          |
 000000         |
 0000000        |
 00000000       |
 000000  0      |
 000000  00     |
 000000    0    |
 000000    00   |
 000000      0  |
 000000      00 |
----------------

QH
     0:  5       
     0:  0.0058     1:  3.4     
     0:  0.033      1:  0.94       2:  1.6     
     0:  0.14       1:  0.087      2:  0.09       3:  0.33    
     0: -0.15       1: -0.049      2: -0.051      3: -0.051      4:  0.33    
     0: -7.8e-06    1:  0.0026     2:  0.0025     3:  0.0024     4:  4.6e-06    5:  0.3     
     0:  0.038      1: -0.0026     2: -0.0027     3: -0.0027     4:  0.0093     5: -2.9e-15    6:  0.01    
     0: -0.076      1: -0.031      2: -0.032      3: -0.032      4:  0.066      5:  1.8e-17    6:  0.011      7:  0.001   
     0:  0.3        1: -0.12       2: -0.13       3: -0.13       4:  0.33       5:  3.7e-09    8:  0.0011  
     0: -0.026      1: -0.019      2: -0.02       3: -0.02       4:  0.053      5: -6.3e-17    8:  0.018      9:  0.001   
     0:  0.064      1:  0.0026     2:  0.0027     3:  0.0027     4: -0.0093     5:  4.9e-18   10:  0.01    
     0:  0.14       1:  0.031      2:  0.032      3:  0.032      4: -0.066      5:  2.3e-17   10:  0.011     11:  0.001   
     0:  1.3        1:  0.12       2:  0.13       3:  0.13       4: -0.33       5:  3.7e-09   12:  0.0011  
     0:  0.13       1:  0.019      2:  0.02       3:  0.02       4: -0.053      5:  8.4e-18   12:  0.018     13:  0.001   

QHDIAGINV
   0.2     
   0.3     
   0.62    
   3       
   3.1     
   3.3     
   98      
   9.9e+02 
   9e+02   
   9.9e+02 
   98      
   9.9e+02 
   9e+02   
   9.9e+02 

QDERIV
     0: -4e+02      1:  0          2:  0          3:  0          4:  0          5:  0          6:  0          7:  0          8:  0          9:  0         10:  0         11:  0         12:  0         13:  0       
     0:  0          1: -4e+02      2:  0          3:  0          4:  0          5:  0          6:  0          7:  0          8:  0          9:  0         10:  0         11:  0         12:  0         13:  0       
     0:  0          1:  0          2: -4e+02      3:  0          4:  0          5:  0          6:  0          7:  0          8:  0          9:  0         10:  0         11:  0         12:  0         13:  0       
     0:  0          1:  0          2:  0          3: -1e+02      4:  0          5:  0          6:  0          7:  0          8:  0          9:  0         10:  0         11:  0         12:  0         13:  0       
     0:  0          1:  0          2:  0          3:  0          4: -1e+02      5:  0          6:  0          7:  0          8:  0          9:  0         10:  0         11:  0         12:  0         13:  0       
     0:  0          1:  0          2:  0          3:  0          4:  0          5: -1e+02      6:  0          7:  0          8:  0          9:  0         10:  0         11:  0         12:  0         13:  0       
     0:  0          1:  0          2:  0          3:  0          4:  0          5:  0          6: -2.6        7:  0       
     0:  0          1:  0          2:  0          3:  0          4:  0          5:  0          6:  0          7:  0       
     0:  0          1:  0          2:  0          3:  0          4:  0          5:  0          8: -0.0013     9:  0       
     0:  0          1:  0          2:  0          3:  0          4:  0          5:  0          8:  0          9:  0       
     0:  0          1:  0          2:  0          3:  0          4:  0          5:  0         10: -2.6       11:  0       
     0:  0          1:  0          2:  0          3:  0          4:  0          5:  0         10:  0         11:  0       
     0:  0          1:  0          2:  0          3:  0          4:  0          5:  0         12: -0.0013    13:  0       
     0:  0          1:  0          2:  0          3:  0          4:  0          5:  0         12:  0         13:  0       

CONTACT
EFC_TYPE
  0
  0
  0
  0
  0
  0
  0
  3
  3

EFC_ID
  0
  0
  0
  1
  1
  1
  2
  7
  11

EFC_J
   2.4e-06   2.6e-07   2.6e-07   2.6e-07  -2.4e-06   2.6e-07   0.044     0.048    -0.038     0.0065    0         0         0         0       
  -6.6e-06   1.1e-26   1.1e-26   1.1e-26   6.6e-06  -1.3e-15   0.037     0.006    -0.055    -0.018     0         0         0         0       
   0        -6.6e-06  -6.6e-06  -6.6e-06  -9.4e-08  -6.6e-06   0.0017    0.0019   -0.0015    0.00026   0         0         0         0       
   2.4e-06  -2.7e-07  -2.7e-07  -2.7e-07  -2.4e-06  -2.7e-07   0         0         0         0        -0.044    -0.048     0.038    -0.0065  
   6.8e-06  -1.1e-26  -1.1e-26  -1.1e-26  -6.8e-06   1.3e-15   0         0         0         0         0.037     0.006    -0.055    -0.018   
   0         6.8e-06   6.8e-06   6.8e-06  -9.6e-08   6.8e-06   0         0         0         0        -0.0017   -0.0019    0.0015   -0.00026 
   0         0         0         0         0         0         1         0         0         0        -1         0         0         0       
   0         0         0         0         0         0         0        -1         0         0         0         0         0         0       
   0         0         0         0         0         0         0         0         0         0         0        -1         0         0       

IEFC_J
   2.4e-06   2.6e-07   2.6e-07   2.6e-07  -2.4e-06   2.6e-07   0.044     0.048    -0.038     0.0065    0         0         0         0       
  -6.6e-06   1.1e-26   1.1e-26   1.1e-26   6.6e-06  -1.3e-15   0.037     0.006    -0.055    -0.018     0         0         0         0       
   0        -6.6e-06  -6.6e-06  -6.6e-06  -9.4e-08  -6.6e-06   0.0017    0.0019   -0.0015    0.00026   0         0         0         0       
   2.4e-06  -2.7e-07  -2.7e-07  -2.7e-07  -2.4e-06  -2.7e-07   0         0         0         0        -0.044    -0.048     0.038    -0.0065  
   6.8e-06  -1.1e-26  -1.1e-26  -1.1e-26  -6.8e-06   1.3e-15   0         0         0         0         0.037     0.006    -0.055    -0.018   
   0         6.8e-06   6.8e-06   6.8e-06  -9.6e-08   6.8e-06   0         0         0         0        -0.0017   -0.0019    0.0015   -0.00026 
   0         0         0         0         0         0         1         0         0         0        -1         0         0         0       
   0         0         0         0         0         0         0        -1         0         0         0         0         0         0       
   0         0         0         0         0         0         0         0         0         0         0        -1         0         0       

EFC_POS
  -6.6e-06 
  -2.4e-06 
  -2.6e-07 
   6.8e-06 
  -2.4e-06 
   2.7e-07 
   3.2e-07 
  -0.00015 
  -0.00015 

EFC_MARGIN
   0       
   0       
   0       
   0       
   0       
   0       
   0       
   0       
   0       

EFC_FRICTIONLOSS
   0       
   0       
   0       
   0       
   0       
   0       
   0       
   0       
   0       

EFC_DIAGAPPROX
   2.1     
   2.1     
   2.1     
   2.2     
   2.2     
   2.2     
   4e+02   
   9.9e+02 
   9.9e+02 

EFC_KBIP
   4.1e+04   4e+02     0.95      1.1     
   4.1e+04   4e+02     0.95      1.1     
   4.1e+04   4e+02     0.95      1.1     
   4.1e+04   4e+02     0.95      1.2     
   4.1e+04   4e+02     0.95      1.2     
   4.1e+04   4e+02     0.95      1.2     
   4.1e+04   4e+02     0.95      0.051   
   4.1e+04   4e+02     0.95     -24      
   4.1e+04   4e+02     0.95     -23      

EFC_D
   8.9     
   8.9     
   8.9     
   8.7     
   8.7     
   8.7     
   0.048   
   0.02    
   0.02    

EFC_R
   0.11    
   0.11    
   0.11    
   0.12    
   0.12    
   0.12    
   21      
   50      
   50      

TEN_VELOCITY
  -1.5e-14 

ACTUATOR_VELOCITY
   1.3e-17 
   7.9e-16 
  -4.1e-16 
  -3.7e-17 
   1.2e-16 
   1e-19   
  -1.5e-14 

CVEL
   0         0         0         0         0         0       
   0         0         0         0         0         0       
   0         0         0         0         0         0       
   0         0         1.3e-17   1.1e-18  -3.7e-18   0       
   3.4e-35  -7.9e-16   1.3e-17   4.1e-17  -3.7e-18  -2.2e-16 
   1.7e-35  -3.9e-16   1.3e-17   2.6e-17  -3.7e-18  -2.8e-16 
   1.5e-35  -3.5e-16   1.3e-17   2.5e-17  -3.7e-18  -3e-16   
   4.6e-18  -3.5e-16  -1e-16     3.1e-17  -6.6e-17  -3e-16   
   4.6e-18  -3.5e-16  -1e-16     3.1e-17  -6.6e-17  -3e-16   
   4.6e-18  -3.5e-16  -1e-16     3.1e-17  -6.6e-17  -3e-16   
   4.6e-18  -3.5e-16  -1e-16     3.1e-17  -6.6e-17  -3e-16   
   4.6e-18  -3.5e-16  -1e-16     3.1e-17  -6.6e-17  -3e-16   
  -5.3e-16  -3.5e-16   1.3e-14  -2.9e-15   6.8e-15  -4.2e-16 
  -4.6e-16  -3.5e-16   1.2e-14  -2.6e-15   6e-15    -4e-16   
  -5.4e-15  -3.5e-16   1.4e-13  -3e-14     7.1e-14  -1.5e-15 
   2.6e-15  -3.5e-16  -6.6e-14   2.4e-14  -2.7e-14   6.3e-16 
   2.6e-15  -3.5e-16  -6.6e-14   2.4e-14  -2.7e-14   6.3e-16 
   2.6e-15  -3.5e-16  -6.6e-14   2.4e-14  -2.7e-14   6.3e-16 
   6.3e-16  -3.5e-16  -1.6e-14   3.5e-15  -9.1e-15  -1.7e-16 
   2.2e-15  -3.5e-16  -5.6e-14   1.2e-14  -3.3e-14   1.7e-16 
  -1.2e-16  -3.5e-16   3.2e-15  -6.9e-16   1.7e-15  -3.3e-16 
  -1.1e-15  -3.5e-16   2.7e-14  -7.2e-15   1.6e-14  -5.8e-16 
  -1.1e-15  -3.5e-16   2.7e-14  -7.2e-15   1.6e-14  -5.8e-16 
  -1.1e-15  -3.5e-16   2.7e-14  -7.2e-15   1.6e-14  -5.8e-16 

CDOF_DOT
   0         0         0         0         0         0       
   1.3e-17   5.7e-37  -0        -2.8e-38   6.6e-19  -1.1e-18 
   1.3e-17   5.7e-37  -5.3e-51  -3.4e-16   4.9e-19  -1.1e-17 
   1.3e-17   5.7e-37  -2.7e-51  -4.9e-16   2.9e-19  -1.7e-17 
   3.5e-16   5.2e-19   1.4e-17   1e-17     1.4e-17   1.8e-17 
  -1e-16     1.3e-20  -4.6e-18  -4.9e-16   5.6e-18  -5.8e-17 
   3.5e-16   5.2e-19   1.4e-17   1.1e-17  -3.3e-18   7.6e-17 
   3.5e-16   5.2e-19   1.4e-17  -4.1e-16  -5.7e-17   5.8e-17 
   3.5e-16   5.2e-19   1.4e-17   9e-18    -3.9e-18   7.8e-17 
   3.5e-16   5.2e-19   1.4e-17  -5e-15     6e-15    -1.1e-16 
  -3.5e-16  -5.2e-19  -1.4e-17  -4.6e-18   3.3e-18  -7.6e-17 
  -3.5e-16  -5.2e-19  -1.4e-17   5e-16    -6.1e-17  -5.5e-17 
  -3.5e-16  -5.2e-19  -1.4e-17  -6.3e-18   3.9e-18  -7.8e-17 
  -3.5e-16  -5.2e-19  -1.4e-17  -1.2e-16  -1.4e-16  -9.8e-17 

QFRC_BIAS
  -2.6e-29 
  -61      
  -18      
   0.094   
  -0.065   
  -0.00074 
  -0.00011 
  -0.00013 
  -0.00055 
  -7.6e-05 
   0.00011 
   0.00013 
   0.00055 
   7.6e-05 

QFRC_SPRING
   0       
   0       
   0       
   0       
   0       
   0       
   0       
   0       
   0.13    
   0       
   0       
   0       
   0.13    
   0       

QFRC_DAMPER
   0       
   0       
   0       
   0       
   0       
   0       
   1.4e-15 
   0       
   1.7e-16 
   0       
   1.6e-15 
   0       
  -4.1e-18 
   0       

QFRC_GRAVCOMP
   0       
   0       
   0       
   0       
   0       
   0       
   0       
   0       
   0       
   0       
   0       
   0       
   0       
   0       

QFRC_FLUID
   0       
   0       
   0       
   0       
   0       
   0       
   0       
   0       
   0       
   0       
   0       
   0       
   0       
   0       

QFRC_PASSIVE
   0       
   0       
   0       
   0       
   0       
   0       
   1.4e-15 
   0       
   0.13    
   0       
   1.6e-15 
   0       
   0.13    
   0       

EFC_VEL
   6e-15   
   3.4e-15 
   2.3e-16 
   2.5e-15 
  -1.4e-15 
   1e-16   
   2.4e-15 
  -1.6e-15 
   4e-14   

EFC_AREF
   0.26    
   0.093   
   0.01    
  -0.26    
   0.094   
  -0.01    
  -0.012   
   5.7     
   5.7     

SUBTREE_LINVEL
   0         0         0       
   0         0         0       
   0         0         0       
   0         0         0       
   0         0         0       
   0         0         0       
   0         0         0       
   0         0         0       
   0         0         0       
   0         0         0       
   0         0         0       
   0         0         0       
   0         0         0       
   0         0         0       
   0         0         0       
   0         0         0       
   0         0         0       
   0         0         0       
   0         0         0       
   0         0         0       
   0         0         0       
   0         0         0       
   0         0         0       
   0         0         0       

SUBTREE_ANGMOM
   0         0         0       
   0         0         0       
   0         0         0       
   0         0         0       
   0         0         0       
   0         0         0       
   0         0         0       
   0         0         0       
   0         0         0       
   0         0         0       
   0         0         0       
   0         0         0       
   0         0         0       
   0         0         0       
   0         0         0       
   0         0         0       
   0         0         0       
   0         0         0       
   0         0         0       
   0         0         0       
   0         0         0       
   0         0         0       
   0         0         0       
   0         0         0       

ACTUATOR_FORCE
  -5.4e-15 
  -61      
  -18      
   0.094   
  -0.065   
  -0.00074 
  -0.26    

QFRC_ACTUATOR
  -5.4e-15 
  -61      
  -18      
   0.094   
  -0.065   
  -0.00074 
  -0.13    
   0       
   0       
   0       
  -0.13    
   0       
   0       
   0       

QFRC_SMOOTH
  -5.4e-15 
   0       
   3.6e-15 
   3.8e-15 
  -1.2e-14 
  -3.2e-17 
  -0.13    
   0.00013 
   0.13    
   7.6e-05 
  -0.13    
  -0.00013 
   0.13    
  -7.6e-05 

QACC_SMOOTH
  -0.044   
  -0.00086 
   0.0041  
   0.015   
  -0.018   
  -0.00013 
  -26      
   0.41    
   1.2e+02 
  -2.1     
  -26      
   0.17    
   1.2e+02 
  -2.2     

EFC_B
  -5.8     
  -7.5     
  -0.23    
   5.8     
  -7.5     
   0.23    
   0.053   
  -6.1     
  -5.8     

EFC_FORCE
   2.3     
   0.83    
   0.09    
  -2.3     
   0.82    
  -0.089   
  -0.00059 
   0.11    
   0.11    

EFC_STATE
  1
  1
  1
  1
  1
  1
  1
  1
  1

QFRC_CONSTRAINT
  -3.4e-17 
   1.6e-17 
   1.6e-17 
   1.6e-17 
   3.2e-17 
   4e-17   
   0.13    
  -0.00013 
  -0.13    
  -7.6e-05 
   0.13    
   0.00013 
  -0.13    
   7.6e-05 

QFRC_INVERSE
   0       
   0       
   0       
   0       
   0       
   0       
   0       
   0       
   0       
   0       
   0       
   0       
   0       
   0       

CACC
   0         0         0         0         0         0       
   0         0         0         0         0         0       
   0         0         0         0         0         0       
   0         0         0         0         0         0       
   0         0         0         0         0         0       
   0         0         0         0         0         0       
   0         0         0         0         0         0       
   0         0         0         0         0         0       
   0         0         0         0         0         0       
   0         0         0         0         0         0       
   0         0         0         0         0         0       
   0         0         0         0         0         0       
   0         0         0         0         0         0       
   0         0         0         0         0         0       
   0         0         0         0         0         0       
   0         0         0         0         0         0       
   0         0         0         0         0         0       
   0         0         0         0         0         0       
   0         0         0         0         0         0       
   0         0         0         0         0         0       
   0         0         0         0         0         0       
   0         0         0         0         0         0       
   0         0         0         0         0         0       
   0         0         0         0         0         0       

CFRC_INT
   0         0         0         0         0         0       
   0         0         0         0         0         0       
   0         0         0         0         0         0       
   0         0         0         0         0         0       
   0         0         0         0         0         0       
   0         0         0         0         0         0       
   0         0         0         0         0         0       
   0         0         0         0         0         0       
   0         0         0         0         0         0       
   0         0         0         0         0         0       
   0         0         0         0         0         0       
   0         0         0         0         0         0       
   0         0         0         0         0         0       
   0         0         0         0         0         0       
   0         0         0         0         0         0       
   0         0         0         0         0         0       
   0         0         0         0         0         0       
   0         0         0         0         0         0       
   0         0         0         0         0         0       
   0         0         0         0         0         0       
   0         0         0         0         0         0       
   0         0         0         0         0         0       
   0         0         0         0         0         0       
   0         0         0         0         0         0       

CFRC_EXT
   0         0         0         0         0         0       
   0         0         0         0         0         0       
   0         0         0         0         0         0       
   0         0         0         0         0         0       
   0         0         0         0         0         0       
   0         0         0         0         0         0       
   0         0         0         0         0         0       
   0         0         0         0         0         0       
   0         0         0         0         0         0       
   0         0         0         0         0         0       
   0         0         0         0         0         0       
   0         0         0         0         0         0       
   0         0         0         0         0         0       
   0         0         0         0         0         0       
   0         0         0         0         0         0       
   0         0         0         0         0         0       
   0         0         0         0         0         0       
   0         0         0         0         0         0       
   0         0         0         0         0         0       
   0         0         0         0         0         0       
   0         0         0         0         0         0       
   0         0         0         0         0         0       
   0         0         0         0         0         0       
   0         0         0         0         0         0       

DOF_ISLAND            0 0 0 0 0 0 0 0 0 0 0 0 0 0

ISLAND_NV             14

ISLAND_IDOFADR        0

MAP_IDOF2DOF          0 1 2 3 4 5 6 7 8 9 10 11 12 13

EFC_ISLAND            0 0 0 0 0 0 0 0 0

ISLAND_NEFC           9

ISLAND_IEFCADR        0

MAP_IEFC2EFC          0 1 2 3 4 5 6 7 8

TENDON_EFCADR         -1

